Neuron 0
0.119202922022118 0.000123394575986232 0.000911051194400646 0.000123394575986232 0.000123394575986232 0.999983298578152 0.0474258731775668 0.982013790037908
0.0474258731775668 0.893976434168144 0.999954602131298 0.0179862099620916 0.880797077977882 0.000123394575986232 0.997527376843365 0.00669285092428486
0.5 0.731058578630005 0.999997739675702 0.000335350130466478 0.000335350130466478 0.993307149075715 0.880797077977882 0.0179862099620916
0.000123394575986232 1.67014218480952E-05 0.999999694097773 0.993307149075715 0.000335350130466478 0.00535428073942789 0.5 0.993307149075715
0.295835563506995 0.5 0.880797077977882 0.999664649869534 0.00803142110914183 0.000368885143513126 0.268941421369995 0.880797077977882
0.999999694097773 0.000258219600459189 0.000123394575986232 2.26032429790358E-06 0.999088948805599 0.999993855825398 4.53978687024344E-05 0.731058578630005
1.52299795127604E-08 0.731058578630005 1.19959757984344 0.982013790037908 0.993307149075715 0.268941421369995 0.999664649869534 0.997527376843365
0.0474258731775668 0.952574126822433 0.0474258731775668 0.268941421369995 0.982013790037908 0.5 0.880797077977882 0.000911051194400646
Neuron 0
0.999664649869534 0.999876605424014 0.0179862099620916 0.000335350130466478 0.0474258731775668 0.00669285092428486 0.5 0.268941421369995
0.999664649869534 0.00669285092428486 4.13993754739433E-08 0.999664649869534 0.731058578630005 0.295835563506995 0.119202922022118 0.952574126822433
0.0179862099620916 0.000123394575986232 0.000335350130466478 0.268941421369995 0.00669285092428486 0.982013790037908 1.67014218480952E-05 0.000123394575986232
0.993307149075715 1.67014218480952E-05 5.60279640614595E-09 0.731058578630005 0.952574126822433 0.999664649869534 0.999088948805599 0.731058578630005
0.268941421369995 0.000123394575986232 0.997527376843365 0.880797077977882 0.000123394575986232 0.999999887464838 0.00247262315663478 0.982013790037908
0.880797077977882 0.5 0.993307149075715 0.268941421369995 0.997527376843365 0.119202922022118 0.119202922022118 0.997527376843365
0.0179862099620916 0.952574126822433 0.952574126822433 0.880797077977882 1.67014218480952E-05 0.000446415085256316 0.999088948805599 0.731058578630005
0.00669285092428486 0.00669285092428486 0.999664649869534 0.880797077977882 0.268941421369995 0.119202922022118 0.982013790037908 0.000911051194400646
Neuron 0
0.0474258731775668 0.119202922022118 0.5 0.119202922022118 0.880797077977882 0.982013790037908 0.96887678577567 0.000911051194400646
1.12535162055095E-07 0.0179862099620916 0.997527376843365 0.952574126822433 1.52299795127604E-08 0.268941421369995 0.731058578630005 0.880797077977882
0.0474258731775668 0.880797077977882 0.00669285092428486 0.000123394575986232 0.993307149075715 5.60279640614595E-09 0.999088948805599 0.0179862099620916
0.00669285092428486 0.00669285092428486 0.0474258731775668 0.0474258731775668 0.999088948805599 5.60279640614595E-09 8.31528027664133E-07 0.00247262315663478
0.000335350130466478 0.268941421369995 0.00247262315663478 0.999983298578152 0.999088948805599 3.05902226925625E-07 0.00803142110914183 0.5
0.999664649869534 0.5 0.999999984770021 0.000335350130466478 0.999999694097773 0.00247262315663478 0.268941421369995 0.982013790037908
1.14308895218692 0.00669285092428486 0.0179862099620916 0.952574126822433 8.31528027664133E-07 0.952574126822433 0.0474258731775668 0.000911051194400646
0.00669285092428486 0.00669285092428486 0.0179862099620916 0.0474258731775668 0.119202922022118 0.999088948805599 0.999664649869534 0.00669285092428486
Neuron 0
0.999997739675702 0.952574126822433 0.799271159044479 0.000911051194400646 0.0179862099620916 0.5 0.982013790037908 0.0474258731775668
0.119202922022118 0.982013790037908 0.000123394575986232 0.999999168471972 0.997527376843365 0.000123394575986232 0.000123394575986232 0.999088948805599
0.999999958600624 0.511741005041004 0.000335350130466478 1.67014218480952E-05 0.0179862099620916 0.268941421369995 1.52299795127604E-08 0.000335350130466478
0.000911051194400646 0.000123394575986232 0.880797077977882 0.880797077977882 0.952574126822433 0.997527376843365 0.0179862099620916 0.000335350130466478
0.5 1.67014218480952E-05 1.67014218480952E-05 0.999993855825398 0.00669285092428486 0.997527376843365 0.268941421369995 0.000911051194400646
0.804164436493006 0.999664649869534 0.119202922022118 0.119202922022118 1.14308895218692 0.731058578630005 0.5 0.00247262315663478
0.00669285092428486 0.119202922022118 0.880797077977882 0.993307149075715 0.999876605424014 0.982013790037908 0.999664649869534 0.880797077977882
0.880797077977882 0.993307149075715 0.268941421369995 0.00669285092428486 0.952574126822433 0.000335350130466478 0.880797077977882 0.731058578630005
Neuron 0
2.26032429790358E-06 0.999088948805599 0.982013790037908 1.17841654804549 0.999664649869534 0.268941421369995 0.952574126822433 0.999088948805599
0.000911051194400646 5.60279640614595E-09 4.53978687024344E-05 0.0474258731775668 0.999664649869534 0.880797077977882 4.53978687024344E-05 0.5
5.60279640614595E-09 0.96887678577567 0.268941421369995 0.0179862099620916 0.00669285092428486 0.999999887464838 0.999983298578152 0.997527376843365
0.119202922022118 1.67014218480952E-05 0.999664649869534 0.119202922022118 0.119202922022118 6.14417460221472E-06 0.268941421369995 0.268941421369995
0.5 0.268941421369995 0.999999984770021 0.982013790037908 0.997527376843365 0.000335350130466478 0.00247262315663478 0.982013790037908
0.952574126822433 0.999954602131298 0.952574126822433 0.899698184882581 0.999088948805599 0.999999984770021 0.999088948805599 0.000123394575986232
0.0834420454154826 0.00247262315663478 0.999664649869534 0.268941421369995 0.999664649869534 0.999999887464838 0.0474258731775668 0.0179862099620916
0.952574126822433 0.997527376843365 0.000335350130466478 0.731058578630005 0.268941421369995 0.00669285092428486 0.268941421369995 0.997527376843365
Neuron 0
0.119202922022118 0.993307149075715 0.000335350130466478 0.00247262315663478 0.993307149075715 0.880797077977882 0.952574126822433 0.00247262315663478
0.119202922022118 0.982013790037908 0.731058578630005 0.188258994958996 0.731058578630005 0.0179862099620916 0.999664649869534 0.000123394575986232
0.798021901474692 0.119202922022118 0.000123394575986232 0.268941421369995 0.00535428073942789 0.119202922022118 0.993307149075715 0.999088948805599
0.5 0.997527376843365 0.000335350130466478 0.000123394575986232 0.999664649869534 0.880797077977882 0.997527376843365 0.268941421369995
1.12535162055095E-07 0.119202922022118 0.5 0.000335350130466478 4.53978687024344E-05 0.999954602131298 0.00247262315663478 0.982013790037908
0.268941421369995 0.999999168471972 0.880797077977882 0.999088948805599 0.993307149075715 0.731058578630005 0.982013790037908 0.0474258731775668
0.997527376843365 0.000335350130466478 0.5 0.880797077977882 0.999999694097773 1.52299795127604E-08 4.13993754739433E-08 0.000123394575986232
0.000123394575986232 0.000911051194400646 0.952574126822433 0.0179862099620916 0.731058578630005 0.952574126822433 0.00669285092428486 0.993307149075715
Neuron 0
0.268941421369995 0.000335350130466478 0.00535428073942789 0.952574126822433 0.982013790037908 0.999088948805599 0.268941421369995 0.268941421369995
0.982013790037908 0.00669285092428486 0.00669285092428486 4.53978687024344E-05 1.0802151690417 0.999088948805599 0.000335350130466478 0.880797077977882
0.982013790037908 0.952574126822433 0.000911051194400646 0.000911051194400646 0.999999958600624 3.05902226925625E-07 0.00669285092428486 0.00669285092428486
0.00669285092428486 0.268941421369995 0.000335350130466478 0.0474258731775668 0.982013790037908 0.997527376843365 0.999983298578152 0.731058578630005
0.999999958600624 0.999088948805599 0.141613071362276 0.982013790037908 0.460566904536903 0.999664649869534 4.13993754739433E-08 0.999664649869534
0.999999168471972 0.00669285092428486 0.999993855825398 0.000123394575986232 0.982013790037908 0.000335350130466478 0.0046849956469994 0.000335350130466478
0.999993855825398 0.000123394575986232 0.731058578630005 0.999088948805599 0.00247262315663478 0.0474258731775668 0.997527376843365 0.952574126822433
0.993307149075715 0.999664649869534 0.268941421369995 0.0179862099620916 0.997527376843365 0.000911051194400646 0.982013790037908 0.997527376843365
Neuron 0
0.000123394575986232 0.880797077977882 0.999088948805599 2.26032429790358E-06 0.268941421369995 0.0474258731775668 0.999999984770021 0.993307149075715
0.000335350130466478 0.000911051194400646 0.0179862099620916 0.999999887464838 0.000123394575986232 4.53978687024344E-05 4.53978687024344E-05 0.000911051194400646
0.00669285092428486 0.999999958600624 0.999993855825398 0.952574126822433 0.0197848309583008 0.0474258731775668 0.000123394575986232 0.00247262315663478
0.999664649869534 0.119202922022118 4.53978687024344E-05 0.880797077977882 0.268941421369995 0.00247262315663478 0.999954602131298 0.268941421369995
0.5 0.997527376843365 0.999664649869534 0.999999887464838 0.00247262315663478 0.119202922022118 0.880797077977882 0.982013790037908
0.999664649869534 0.993307149075715 0.982013790037908 0.119202922022118 0.000335350130466478 0.00247262315663478 0.952574126822433 0.731058578630005
0.268941421369995 0.999999958600624 0.119202922022118 0.897774639159029 0.993307149075715 0.000123394575986232 0.999999168471972 0.952574126822433
0.731058578630005 0.952574126822433 0.999664649869534 0.982013790037908 0.119202922022118 0.119202922022118 0.0179862099620916 0.993307149075715
Neuron 0
3.05902226925625E-07 0.997527376843365 0.000911051194400646 0.000911051194400646 0.0179862099620916 0.880797077977882 0.999664649869534 0.999088948805599
0.00669285092428486 0.731058578630005 0.000123394575986232 0.999999694097773 0.731058578630005 2.26032429790358E-06 0.000983935289952697 0.993307149075715
0.000123394575986232 0.993307149075715 0.000911051194400646 0.000911051194400646 0.00669285092428486 0.00669285092428486 0.880797077977882 0.268941421369995
8.31528027664133E-07 0.0179862099620916 0.5 0.268941421369995 0.0474258731775668 0.999993855825398 0.0179862099620916 0.5
0.215153137095996 0.999664649869534 0.999999694097773 1.67014218480952E-05 0.0474258731775668 4.53978687024344E-05 0.999999984770021 0.000335350130466478
0.731058578630005 0.999983298578152 0.5 0.00669285092428486 0.999999958600624 0.999983298578152 0.000911051194400646 0.999664649869534
0.999999984770021 0.999993855825398 0.952574126822433 4.13993754739433E-08 0.999999168471972 0.00247262315663478 0.5 0.982013790037908
0.00247262315663478 0.880797077977882 0.997527376843365 0.999664649869534 0.999088948805599 0.268941421369995 0.5 0.119202922022118
Neuron 0
0.0179862099620916 0.00247262315663478 0.999999984770021 0.731058578630005 0.00669285092428486 0.0474258731775668 0.999997739675702 0.268941421369995
0.000123394575986232 0.000335350130466478 0.880797077977882 0.000911051194400646 0.687409653026536 0.997527376843365 0.00326386256675791 0.00669285092428486
0.999993855825398 0.000911051194400646 0.999088948805599 0.00669285092428486 0.00247262315663478 0.00669285092428486 0.00669285092428486 0.0179862099620916
0.268941421369995 1.67014218480952E-05 0.999088948805599 1.12535162055095E-07 0.952574126822433 0.0474258731775668 0.00247262315663478 0.999088948805599
0.73986954550142 0.999664649869534 0.999088948805599 0.000911051194400646 1.52299795127604E-08 0.45 1.0802151690417 0.952574126822433
0.880797077977882 0.00669285092428486 0.000335350130466478 0.00602356583185637 0.5 0.119202922022118 0.999954602131298 0.982013790037908
0.268941421369995 0.880797077977882 0.993307149075715 4.13993754739433E-08 0.731058578630005 0.000123394575986232 0.00669285092428486 0.000123394575986232
0.999088948805599 0.982013790037908 0.000911051194400646 0.5 0.997527376843365 0.119202922022118 0.993307149075715 0.952574126822433
Neuron 1
0.839718305890408 0.999999887464838 0.999088948805599 0.982013790037908 0.000911051194400646 0.999997739675702 3.05902226925625E-07 0.00669285092428486 0.999999168471972 0.997527376843365
Neuron 1
3.05902226925625E-07 0.00247262315663478 0.999088948805599 0.00669285092428486 0.0474258731775668 4.53978687024344E-05 1.52299795127604E-08 0.999999958600624 0.999088948805599 0.999999694097773
Neuron 1
5.60279640614595E-09 1.12535162055095E-07 0.997527376843365 0.268941421369995 0.999876605424014 0.999664649869534 0.000123394575986232 0.000123394575986232 0.999999887464838 0.999999168471972
Neuron 1
0.0474258731775668 0.999088948805599 0.731058578630005 0.999999958600624 0.000335350130466478 0.000335350130466478 0.731058578630005 0.952574126822433 6.14417460221472E-06 0.999997739675702
Neuron 1
0.268941421369995 1.52299795127604E-08 3.05902226925625E-07 1.12535162055095E-07 0.999999887464838 0.999999958600624 0.00669285092428486 0.999999168471972 0.268941421369995 0.993307149075715
Neuron 1
1.52299795127604E-08 0.268941421369995 0.00247262315663478 4.13993754739433E-08 0.731058578630005 0.999999694097773 0.119202922022118 0.0474258731775668 0.999088948805599 0.993307149075715
Neuron 1
6.14417460221472E-06 1.67014218480952E-05 0.0179862099620916 0.999999958600624 0.5 0.999999887464838 0.997527376843365 0.982013790037908 0.00247262315663478 0.952574126822433
Neuron 1
0.5 0.999999887464838 0.952574126822433 0.999999887464838 5.60279640614595E-09 0.880797077977882 0.999999887464838 0.731058578630005 0.999876605424014 0.993307149075715
Neuron 1
0.999999168471972 4.53978687024344E-05 0.999997739675702 2.26032429790358E-06 0.999999694097773 0.999999694097773 2.26032429790358E-06 3.05902226925625E-07 0.999876605424014 4.13993754739433E-08
Neuron 1
1.52299795127604E-08 0.999664649869534 0.997527376843365 0.00669285092428486 0.999876605424014 3.05902226925625E-07 0.268941421369995 2.26032429790358E-06 0.0474258731775668 0.999997739675702
Neuron 2
5.60279640614595E-09 0.880797077977882 0.999983298578152 0.952574126822433 0.0474258731775668 0.5 0.000335350130466478 1.12535162055095E-07 0.997527376843365 0.0179862099620916
Neuron 2
0.799731719895627 0.982013790037908 5.60279640614595E-09 8.31528027664133E-07 0.000123394575986232 0.999876605424014 0.999999958600624 0.119202922022118 0.00247262315663478 0.930121714344645
Neuron 2
5.60279640614595E-09 0.5 1.07277172100177 0.999993855825398 0.999993855825398 0.000123394575986232 0.999876605424014 0.268941421369995 5.60279640614595E-09 0.0474258731775668
Neuron 2
0.999088948805599 0.999993855825398 0.119202922022118 6.14417460221472E-06 0.00669285092428486 0.268941421369995 4.53978687024344E-05 0.268941421369995 0.731058578630005 0.999664649869534
Neuron 2
0.999954602131298 1.67014218480952E-05 4.53978687024344E-05 0.982013790037908 0.999664649869534 0.000335350130466478 0.999999984770021 0.431590568209162 0.268941421369995 0.999876605424014
Neuron 2
0.000335350130466478 2.26032429790358E-06 0.000123394575986232 2.26032429790358E-06 5.60279640614595E-09 0.999993855825398 4.13993754739433E-08 0.731058578630005 1.19890673856672 0.999999984770021
Neuron 2
1.52299795127604E-08 0.00669285092428486 0.5 0.982013790037908 0.952574126822433 0.893976434168144 0.268941421369995 0.999954602131298 0.000911051194400646 6.14417460221472E-06
Neuron 2
0.997527376843365 0.999999887464838 0.000335350130466478 8.31528027664133E-07 0.00247262315663478 0.999997739675702 4.53978687024344E-05 0.584846862904004 5.60279640614595E-09 1.67014218480952E-05
Neuron 2
2.26032429790358E-06 0.982013790037908 0.000123394575986232 0.4 0.268941421369995 0.999997739675702 0.999993855825398 0.999876605424014 0.999997739675702 0.119202922022118
Neuron 2
0.00669285092428486 0.993307149075715 0.999999694097773 0.999664649869534 1.67014218480952E-05 0.268941421369995 1.12535162055095E-07 0.999664649869534 0.999999887464838 0.119202922022118
Neuron 3
0.999088948805599 0.999983298578152 3.05902226925625E-07 0.999999694097773 0.0179862099620916 8.31528027664133E-07 0.999993855825398 6.14417460221472E-06 2.26032429790358E-06 0.119202922022118
